Index	Date	Time	Monitor Status (1 = valid)	Extras	Monitor #	IGNORE	Data Type	Unused	Light Sensor	Vial 1	Vial 2	Vial 3	Vial 4	Vial 5	Vial 6	Vial 7	Vial 8	Vial 9	Vial 10	Vial 11	Vial 12		AVG						
2145	3-Aug-23	21:00:00	1	119	3	0	CT	0	1	194	166	190	99	182	171	98	136	53	135	0	169		126.8						
2265	3-Aug-23	21:30:00	1	119	3	0	CT	0	1	190	110	213	47	151	152	185	150	160	140	107	180		143.2						
2385	3-Aug-23	22:00:00	1	119	3	0	CT	0	0	251	217	214	242	166	190	165	197	168	200	190	236		202.2						
2505	3-Aug-23	22:30:00	1	119	3	0	CT	0	0	163	250	170	40	204	169	167	138	68	174	138	186		152.3						
2625	3-Aug-23	23:00:00	1	119	3	0	CT	0	0	181	216	186	24	177	172	129	148	182	160	113	190		153.2						
2745	3-Aug-23	23:30:00	1	119	3	0	CT	0	0	142	191	144	43	144	194	122	115	106	207	148	167		137.2						
2865	4-Aug-23	0:00:00	1	119	3	0	CT	0	0	131	117	186	74	124	153	64	123	134	216	129	183		123.2						
2985	4-Aug-23	0:30:00	1	119	3	0	CT	0	0	136	118	172	0	186	129	86	164	113	184	152	173		125.7						
3105	4-Aug-23	1:00:00	1	119	3	0	CT	0	0	96	206	170	0	169	131	86	161	124	108	110	155		123.8						
3225	4-Aug-23	1:30:00	1	119	3	0	CT	0	0	112	139	160	45	160	8	100	129	74	0	39	112		91.8						
3345	4-Aug-23	2:00:00	1	119	3	0	CT	0	0	126	78	172	0	115	30	89	79	85	0	92	156		85						
3465	4-Aug-23	2:30:00	1	119	3	0	CT	0	0	171	102	165	87	126	10	0	68	72	0	16	4		65.6						
3585	4-Aug-23	3:00:00	1	119	3	0	CT	0	0	163	60	132	209	192	100	66	72	75	0	63	4		100.4						
3705	4-Aug-23	3:30:00	1	119	3	0	CT	0	0	106	39	154	23	88	183	94	66	102	0	70	6		77.7						
3825	4-Aug-23	4:00:00	1	119	3	0	CT	0	0	66	121	162	53	90	30	32	68	84	0	2	93		63.9						
3945	4-Aug-23	4:30:00	1	119	3	0	CT	0	0	65	2	144	0	107	0	0	69	88	0	65	187		58.3						
4065	4-Aug-23	5:00:00	1	119	3	0	CT	0	0	0	67	115	0	69	98	56	95	62	0	75	0		52.2						
4185	4-Aug-23	5:30:00	1	119	3	0	CT	0	0	143	173	92	127	110	86	65	54	129	0	67	95		104.9						
4305	4-Aug-23	6:00:00	1	119	3	0	CT	0	0	0	4	149	153	136	162	49	0	49	0	31	42		62.6						
4425	4-Aug-23	6:30:00	1	119	3	0	CT	0	0	43	115	143	0	7	0	12	0	26	0	0	0		20.3						
4545	4-Aug-23	7:00:00	1	119	3	0	CT	0	0	5	0	115	0	40	0	20	47	64	0	0	0		17.6						
4665	4-Aug-23	7:30:00	1	119	3	0	CT	0	0	79	104	35	0	174	77	37	0	39	0	85	37		63.2						
4785	4-Aug-23	8:00:00	1	119	3	0	CT	0	0	11	168	129	0	1	31	122	0	122	0	9	161		62.5						
4905	4-Aug-23	8:30:00	1	119	3	0	CT	0	0	42	42	67	0	59	0	85	0	50	0	0	130		40.8						
5025	4-Aug-23	9:00:00	1	119	3	0	CT	0	0	18	0	141	0	56	126	24	0	70	0	0	1		29.5						
5145	4-Aug-23	9:30:00	1	119	3	0	CT	0	1	241	186	168	194	101	209	148	258	211	0	129	226		190.3						
5265	4-Aug-23	10:00:00	1	119	3	0	CT	0	1	315	407	309	288	235	296	266	336	255	109	231	426		305.5						
5385	4-Aug-23	10:30:00	1	119	3	0	CT	0	1	412	488	367	479	370	412	383	423	348	245	339	552		420.6						
5505	4-Aug-23	11:00:00	1	119	3	0	CT	0	1	199	215	207	175	136	146	127	181	71	0	129	195		157.4						
5625	4-Aug-23	11:30:00	1	119	3	0	CT	0	1	115	189	214	100	204	136	118	119	98	0	26	192		129.7						
5745	4-Aug-23	12:00:00	1	119	3	0	CT	0	1	105	158	181	68	138	156	112	166	131	0	33	21		108.8						
5865	4-Aug-23	12:30:00	1	119	3	0	CT	0	1	147	263	272	101	162	149	141	54	160	0	84	190		145.1						
5985	4-Aug-23	13:00:00	1	119	3	0	CT	0	1	162	202	152	0	52	89	53	0	70	0	0	142		77						
6105	4-Aug-23	13:30:00	1	119	3	0	CT	0	1	26	97	195	42	4	36	22	25	21	0	0	45		31.8						
6225	4-Aug-23	14:00:00	1	119	3	0	CT	0	1	86	33	135	0	36	0	73	1	86	0	0	0		31.5						
6345	4-Aug-23	14:30:00	1	119	3	0	CT	0	1	239	208	202	146	110	100	115	109	87	0	98	194		140.6						
6465	4-Aug-23	15:00:00	1	119	3	0	CT	0	1	172	219	269	164	105	144	148	162	111	0	116	179		152						
6585	4-Aug-23	15:30:00	1	119	3	0	CT	0	1	168	186	205	50	0	111	70	120	187	0	54	104		105						
6705	4-Aug-23	16:00:00	1	119	3	0	CT	0	1	169	215	173	159	163	115	85	70	65	0	144	232		141.7						
6825	4-Aug-23	16:30:00	1	119	3	0	CT	0	1	59	194	185	81	125	149	111	30	74	0	55	108		98.6						
6945	4-Aug-23	17:00:00	1	119	3	0	CT	0	1	80	252	159	10	46	121	128	105	109	0	41	0		89.2						
7065	4-Aug-23	17:30:00	1	119	3	0	CT	0	1	79	254	169	0	12	118	71	28	54	0	64	93		77.3						
7185	4-Aug-23	18:00:00	1	119	3	0	CT	0	1	163	191	209	2	160	137	94	89	146	0	86	261		132.9						
7305	4-Aug-23	18:30:00	1	119	3	0	CT	0	1	145	169	176	57	56	118	100	82	92	0	125	169		111.3						
7425	4-Aug-23	19:00:00	1	119	3	0	CT	0	1	149	166	175	48	16	127	76	92	43	0	37	100		85.4						
7545	4-Aug-23	19:30:00	1	119	3	0	CT	0	1	164	229	191	126	161	123	110	173	118	0	121	146		147.1						
7665	4-Aug-23	20:00:00	1	119	3	0	CT	0	1	117	185	170	132	112	87	96	73	94	0	92	244		123.2						
7785	4-Aug-23	20:30:00	1	119	3	0	CT	0	1	103	127	167	0	161	109	83	100	62	0	37	69		85.1						
7905	4-Aug-23	21:00:00	1	119	3	0	CT	0	1	82	164	187	0	107	88	130	78	92	0	44	64		84.9						
8025	4-Aug-23	21:30:00	1	119	3	0	CT	0	1	219	213	223	12	53	109	135	153	122	0	132	216		136.4						
8145	4-Aug-23	22:00:00	1	119	3	0	CT	0	0	235	249	167	236	118	168	143	143	117	0	164	300		187.3						
8265	4-Aug-23	22:30:00	1	119	3	0	CT	0	0	190	207	206	0	7	148	150	142	117	0	127	216		130.4						
8385	4-Aug-23	23:00:00	1	119	3	0	CT	0	0	219	222	145	0	141	166	137	141	93	0	142	167		142.8						
8505	4-Aug-23	23:30:00	1	119	3	0	CT	0	0	103	151	175	0	0	118	120	96	66	0	135	106		89.5						
8625	5-Aug-23	0:00:00	1	119	3	0	CT	0	0	118	167	158	0	0	101	128	124	88	0	115	178		101.9						
8745	5-Aug-23	0:30:00	1	119	3	0	CT	0	0	126	134	162	0	74	138	79	99	66	0	118	33		86.7						
8865	5-Aug-23	1:00:00	1	119	3	0	CT	0	0	91	137	203	0	51	120	149	105	104	0	90	143		99						
8985	5-Aug-23	1:30:00	1	119	3	0	CT	0	0	29	151	201	0	2	94	45	66	71	0	88	72		61.8						
9105	5-Aug-23	2:00:00	1	119	3	0	CT	0	0	72	181	174	0	0	108	84	14	88	0	68	143		75.8						
9225	5-Aug-23	2:30:00	1	119	3	0	CT	0	0	124	116	165	0	28	40	90	2	85	0	113	94		69.2						
9345	5-Aug-23	3:00:00	1	119	3	0	CT	0	0	108	138	166	0	6	18	41	44	125	0	109	69		65.8						
9465	5-Aug-23	3:30:00	1	119	3	0	CT	0	0	29	123	172	0	0	111	39	17	103	0	15	1		43.8						
9585	5-Aug-23	4:00:00	1	119	3	0	CT	0	0	0	81	144	0	62	64	69	83	118	0	8	43		52.8						
9705	5-Aug-23	4:30:00	1	119	3	0	CT	0	0	129	135	155	27	41	55	19	58	51	0	0	52		56.7						
9825	5-Aug-23	5:00:00	1	119	3	0	CT	0	0	7	86	124	45	32	62	18	81	49	0	19	37		43.6						
9945	5-Aug-23	5:30:00	1	119	3	0	CT	0	0	86	54	171	71	26	0	6	3	29	0	43	71		38.9						
10065	5-Aug-23	6:00:00	1	119	3	0	CT	0	0	84	30	139	76	2	38	8	0	55	0	61	4		35.8						
10185	5-Aug-23	6:30:00	1	119	3	0	CT	0	0	98	109	164	136	7	83	76	65	56	0	95	96		82.1						
10305	5-Aug-23	7:00:00	1	119	3	0	CT	0	0	19	30	157	0	34	0	0	0	24	0	22	0		12.9						
10425	5-Aug-23	7:30:00	1	119	3	0	CT	0	0	59	51	121	0	22	30	28	39	59	0	27	48		36.3						
10545	5-Aug-23	8:00:00	1	119	3	0	CT	0	0	55	12	106	0	34	0	0	0	38	0	0	14		15.3						
10665	5-Aug-23	8:30:00	1	119	3	0	CT	0	0	32	0	145	0	53	34	22	63	71	0	2	24		30.1						
10785	5-Aug-23	9:00:00	1	119	3	0	CT	0	0	21	6	116	0	8	6	42	22	50	0	2	44		20.1						
10905	5-Aug-23	9:30:00	1	119	3	0	CT	0	1	188	46	166	12	44	165	101	139	131	0	118	227		117.1						
11025	5-Aug-23	10:00:00	1	119	3	0	CT	0	1	179	30	130	65	5	164	39	13	53	0	46	192		78.6						
11145	5-Aug-23	10:30:00	1	119	3	0	CT	0	1	142	14	116	53	0	138	2	15	43	0	4	19		43						
11265	5-Aug-23	11:00:00	1	119	3	0	CT	0	1	11	0	118	0	0	26	0	0	83	0	23	0		14.3						
11385	5-Aug-23	11:30:00	1	119	3	0	CT	0	1	100	0	128	52	0	18	18	34	73	0	56	39		39						
11505	5-Aug-23	12:00:00	1	119	3	0	CT	0	1	61	158	81	12	0	13	73	25	108	0	53	25		52.8						
11625	5-Aug-23	12:30:00	1	119	3	0	CT	0	1	145	5	101	69	0	43	96	43	98	0	5	38		54.2						
11745	5-Aug-23	13:00:00	1	119	3	0	CT	0	1	158	20	135	56	0	21	48	15	95	0	9	1		42.3						
11865	5-Aug-23	13:30:00	1	119	3	0	CT	0	1	53	76	144	23	0	77	12	1	183	0	137	18		58						
11985	5-Aug-23	14:00:00	1	119	3	0	CT	0	1	75	53	141	20	0	144	48	37	189	0	116	33		71.5						
12105	5-Aug-23	14:30:00	1	119	3	0	CT	0	1	69	193	150	6	0	172	115	0	86	0	30	142		81.3						
12225	5-Aug-23	15:00:00	1	119	3	0	CT	0	1	192	192	185	9	0	113	71	86	128	0	81	8		88						
12345	5-Aug-23	15:30:00	1	119	3	0	CT	0	1	69	26	172	23	0	142	168	125	115	0	43	143		85.4						
12465	5-Aug-23	16:00:00	1	119	3	0	CT	0	1	139	148	139	44	0	123	145	68	148	0	152	12		97.9						
12585	5-Aug-23	16:30:00	1	119	3	0	CT	0	1	103	127	160	10	0	74	129	97	99	0	49	56		74.4						
12705	5-Aug-23	17:00:00	1	119	3	0	CT	0	1	150	126	159	54	0	127	135	91	108	0	145	134		107						
12825	5-Aug-23	17:30:00	1	119	3	0	CT	0	1	118	46	179	13	0	97	135	73	111	0	70	72		73.5						
12945	5-Aug-23	18:00:00	1	119	3	0	CT	0	1	105	115	149	18	0	102	158	116	109	0	94	77		89.4						
13065	5-Aug-23	18:30:00	1	119	3	0	CT	0	1	132	87	136	81	0	94	95	68	114	0	166	58		89.5						
13185	5-Aug-23	19:00:00	1	119	3	0	CT	0	1	172	81	132	56	0	103	117	93	131	0	125	111		98.9						
13305	5-Aug-23	19:30:00	1	119	3	0	CT	0	1	161	125	127	0	0	119	94	78	128	0	87	102		89.4						
13425	5-Aug-23	20:00:00	1	119	3	0	CT	0	1	106	169	178	13	0	126	74	91	138	0	104	90		91.1						
13545	5-Aug-23	20:30:00	1	119	3	0	CT	0	1	142	42	142	6	0	116	63	126	94	0	82	78		74.9						
13665	5-Aug-23	21:00:00	1	119	3	0	CT	0	1	131	81	123	12	0	129	59	82	127	0	119	95		83.5						
