080623CTM003C03   03 Aug 2023
97
30
2100
190
213
214
170
186
144
186
172
170
160
172
165
132
154
162
144
115
92
149
143
115
35
129
67
141
168
309
367
207
214
181
272
152
195
135
202
269
205
173
185
159
169
209
176
175
191
170
167
187
223
167
206
145
175
158
162
203
201
174
165
166
172
144
155
124
171
139
164
157
121
106
145
116
166
130
116
118
128
81
101
135
144
141
150
185
172
139
160
159
179
149
136
132
127
178
142
123
