072723CTM003C09   27 Jul 2023
145
30
2100
0
0
0
0
0
0
0
0
0
0
0
0
0
0
0
0
0
0
0
0
0
0
0
0
0
0
0
0
0
0
0
0
0
0
0
38
142
114
120
124
127
139
151
135
108
131
155
160
139
138
54
133
58
5
48
30
62
56
12
12
62
24
48
35
75
25
25
7
13
46
6
10
96
91
126
131
158
102
90
149
92
104
99
109
134
128
142
126
115
149
137
94
123
122
142
125
122
27
82
15
4
69
0
49
8
22
11
58
28
43
0
0
12
51
0
54
0
11
0
0
219
74
102
124
103
92
102
109
147
98
109
98
99
88
123
116
100
89
112
136
72
107
85
83
99
