072723CTM003C01   27 Jul 2023
145
30
2100
0
0
0
0
0
0
0
0
0
0
0
0
0
0
0
0
0
0
0
0
0
0
0
0
0
0
0
0
0
0
0
0
0
0
0
105
170
168
127
106
111
124
114
87
225
133
107
139
162
47
105
20
40
3
21
182
0
76
10
8
5
8
0
110
2
97
56
37
134
6
0
70
88
122
153
154
72
141
139
93
47
135
104
75
161
64
41
49
82
117
115
194
92
104
147
148
142
211
128
0
0
0
0
0
0
0
0
0
0
2
34
0
28
17
154
12
54
73
4
59
0
68
248
118
87
91
87
90
29
43
106
73
70
49
21
57
95
56
92
87
35
135
47
82
155
