072723CTM003C17   27 Jul 2023
145
30
2100
126
262
209
65
0
19
1
4
0
4
0
0
97
162
129
146
64
0
0
0
97
51
15
66
107
164
183
188
202
108
218
147
116
101
38
50
124
0
119
119
131
132
149
189
99
87
117
150
140
93
2
0
70
34
38
8
12
6
7
4
1
0
0
21
62
85
102
160
146
14
5
0
1
114
240
197
154
117
174
108
101
11
92
43
83
42
100
30
143
95
98
108
145
151
157
169
246
202
32
0
0
0
0
0
0
0
15
57
40
52
14
134
134
0
79
169
129
13
107
124
146
251
274
180
142
161
115
105
80
125
54
2
83
87
35
138
162
86
114
120
95
146
204
274
275
