072723CTM003C13   27 Jul 2023
145
30
2100
0
0
0
0
0
0
0
0
0
0
0
0
0
0
0
0
0
0
0
0
0
0
0
0
0
0
0
0
0
0
0
0
0
0
0
50
253
223
164
155
175
198
119
186
173
173
190
148
178
342
5
59
71
0
11
129
0
41
14
28
190
117
19
18
27
0
2
94
0
107
21
14
4
150
202
224
156
134
195
217
133
141
214
149
184
213
192
101
112
127
176
104
90
102
108
100
111
97
9
0
0
16
27
10
89
13
1
12
30
37
1
10
43
16
9
126
90
64
88
59
44
129
99
123
125
122
113
91
72
72
110
93
85
103
75
102
76
74
51
86
92
80
57
97
89
