072723CTM003C03   27 Jul 2023
145
30
2100
0
0
0
0
0
0
0
0
0
0
0
0
0
0
0
0
0
0
0
0
0
0
0
0
0
0
0
0
0
0
0
0
0
0
0
105
212
224
225
170
142
135
186
135
110
149
147
159
157
43
16
14
83
7
30
40
5
4
38
40
0
0
76
5
0
0
0
0
66
39
6
7
11
116
121
134
131
130
108
164
133
149
172
153
195
169
91
177
159
206
168
170
104
179
160
152
161
131
0
45
12
0
50
4
5
2
4
18
20
69
11
9
9
11
35
5
60
9
92
90
110
98
90
116
98
84
43
65
76
91
36
102
80
94
18
105
44
93
27
102
36
80
15
94
72
