072723CTM003C04   27 Jul 2023
145
30
2100
0
0
0
0
0
0
0
0
0
0
0
0
0
0
0
0
0
0
0
0
0
0
0
0
0
0
0
4
0
0
0
0
0
0
0
99
160
120
110
94
61
59
119
89
88
95
115
127
118
30
31
3
2
12
38
0
0
0
0
4
50
8
0
0
3
0
1
48
28
0
16
3
10
150
124
199
205
207
133
175
171
187
141
176
272
144
117
213
139
162
200
212
131
124
151
58
131
51
0
0
0
2
2
0
20
2
0
0
0
3
5
59
4
0
0
0
3
0
41
63
11
63
154
128
116
103
121
97
97
142
90
99
80
65
95
136
77
108
100
161
59
76
71
97
116
