072723CTM003C07   27 Jul 2023
145
30
2100
0
0
0
0
0
0
0
0
0
0
0
0
0
0
0
0
0
0
0
0
0
0
0
0
0
0
0
0
0
0
0
0
0
0
0
63
222
155
154
187
188
210
204
171
200
170
175
177
184
98
63
67
62
27
41
91
10
14
37
77
8
72
15
51
5
9
5
4
68
84
197
15
66
172
169
189
139
180
170
239
204
192
191
156
177
174
195
193
173
149
183
143
153
145
101
152
142
38
0
0
8
0
15
0
49
2
81
0
0
2
0
52
110
3
40
202
81
24
70
5
2
101
121
97
146
91
123
91
100
88
137
92
80
103
72
118
74
109
70
113
98
95
91
100
60
