072723CTM003C18   27 Jul 2023
145
30
2100
66
200
14
0
0
0
0
0
0
0
0
0
0
0
0
28
4
0
132
4
105
0
49
7
110
158
182
147
118
47
87
0
28
9
36
81
87
16
64
68
53
154
61
17
48
40
77
67
187
110
6
124
0
109
0
36
43
22
30
0
0
2
43
13
31
0
28
15
21
1
61
10
41
203
275
122
84
37
24
10
19
88
29
6
0
27
29
19
52
13
122
68
57
4
72
190
144
176
3
11
0
0
0
3
96
3
8
20
25
17
11
75
0
7
90
24
35
7
50
7
15
203
178
151
87
30
42
0
18
2
0
25
1
70
54
54
25
75
57
102
63
148
98
154
167
