072723CTM003C12   27 Jul 2023
145
30
2100
0
0
0
0
0
0
0
0
0
0
0
0
0
0
0
0
0
0
0
0
0
0
0
0
0
0
0
0
0
0
0
0
0
0
0
57
241
226
248
193
195
201
271
245
186
190
219
211
228
160
12
9
332
17
13
15
2
72
42
109
35
0
0
4
6
354
369
90
21
21
48
13
23
179
190
198
163
173
150
158
185
155
170
153
152
176
147
136
148
163
144
159
187
134
147
147
139
60
29
83
25
3
22
12
15
30
26
2
16
14
11
12
40
87
45
0
10
12
5
0
0
104
115
143
111
95
110
86
146
110
118
80
48
90
93
82
65
172
58
58
48
171
93
96
99
