072723CTM003C15   27 Jul 2023
145
30
2100
0
0
0
0
0
0
0
0
0
0
0
0
0
0
0
0
0
0
0
0
0
0
0
0
0
0
0
0
0
0
0
0
0
0
0
94
337
251
223
228
219
270
287
267
261
170
226
287
255
178
193
93
85
6
61
70
46
36
104
10
0
76
63
23
1
121
50
200
214
82
45
5
75
245
185
478
191
272
286
163
191
278
192
210
160
289
214
150
212
181
112
175
218
178
209
162
170
99
172
199
47
0
0
0
0
0
16
35
0
0
40
0
0
0
0
0
0
0
30
19
0
84
132
116
114
104
85
140
96
91
110
59
91
130
86
59
60
75
58
77
66
74
85
84
89
