072723CTM003C02   27 Jul 2023
145
30
2100
0
0
0
0
0
0
0
0
0
0
0
0
0
0
0
0
0
0
0
0
0
0
0
0
0
0
0
0
0
0
0
0
0
0
0
87
215
159
203
238
188
250
220
216
273
206
219
220
123
151
6
81
3
8
18
18
83
48
45
2
28
16
22
37
121
7
4
68
52
34
12
8
34
146
176
146
129
138
117
121
99
226
186
108
55
153
135
76
161
105
121
162
111
128
91
116
108
27
0
0
0
0
45
0
0
2
0
0
65
72
8
0
1
12
21
14
4
0
28
31
10
89
95
104
68
82
40
140
70
43
73
46
37
58
13
55
4
41
32
53
22
60
77
71
51
