072723CTM003C14   27 Jul 2023
145
30
2100
0
0
0
0
0
0
0
0
0
0
0
0
0
0
0
0
0
0
0
0
0
0
0
0
0
0
0
0
0
0
0
0
0
0
0
58
172
183
147
148
137
163
226
183
202
190
150
204
183
113
12
0
0
0
40
2
23
62
36
3
0
0
26
37
15
0
12
0
11
79
74
31
0
140
212
172
217
184
135
125
134
150
150
152
157
152
103
161
146
113
122
134
141
96
122
131
97
86
45
30
63
3
34
62
0
3
15
9
20
22
3
6
1
17
101
30
100
0
0
0
19
136
144
160
136
143
102
135
115
121
84
127
111
102
96
115
103
94
99
106
86
97
116
141
114
