072723CTM003C16   27 Jul 2023
145
30
2100
19
32
0
0
0
0
0
1
0
0
0
0
28
18
45
25
0
0
0
0
116
1
0
0
0
104
155
104
103
27
140
0
33
0
66
120
85
0
0
84
19
25
34
239
1
49
0
100
93
91
0
144
115
62
34
0
101
9
7
0
62
6
74
1
27
28
32
2
33
0
0
41
112
139
166
121
99
44
71
74
0
83
58
39
28
20
64
16
34
72
107
33
62
26
134
79
181
143
0
0
0
0
17
44
11
3
11
53
37
18
49
17
41
30
17
36
16
0
20
15
28
162
198
164
130
180
154
147
74
41
39
23
61
7
112
74
49
66
29
47
150
89
91
130
118
