072723CTM003C05   27 Jul 2023
145
30
2100
0
0
0
0
0
0
0
0
0
0
0
0
0
0
0
0
0
0
0
0
0
0
0
0
0
0
0
0
0
0
0
0
0
0
0
71
190
168
157
179
148
159
163
130
187
216
192
199
217
131
33
4
7
28
15
23
6
25
39
69
0
0
31
58
0
0
0
0
81
98
20
9
59
130
266
195
232
250
290
301
163
244
200
173
213
264
277
284
268
231
236
282
233
215
263
268
229
43
126
110
135
19
18
45
21
23
16
36
55
26
0
0
0
0
14
46
42
4
24
0
1
119
138
221
149
172
154
82
111
116
89
139
143
67
105
96
146
101
98
127
70
107
41
133
96
