072723CTM003C08   27 Jul 2023
145
30
2100
0
0
0
0
0
0
0
0
0
0
0
0
0
0
0
0
0
0
0
0
0
0
0
0
0
0
0
0
0
0
0
0
0
0
0
41
233
167
98
129
105
125
141
173
137
131
117
155
140
135
3
2
0
17
20
5
3
0
0
0
79
12
0
3
0
0
0
0
81
142
169
170
102
215
115
179
142
142
142
157
169
149
129
144
146
152
203
110
230
115
189
136
137
114
77
102
148
106
5
44
29
8
2
44
0
2
37
68
23
73
0
9
12
26
52
85
0
0
0
20
41
141
136
156
130
125
194
138
123
125
123
95
126
70
81
162
118
78
145
113
81
115
72
64
163
