072723CTM003C06   27 Jul 2023
145
30
2100
0
0
0
0
0
0
0
0
0
0
0
0
0
0
0
0
0
0
0
0
0
0
0
0
0
0
0
0
0
0
0
0
0
0
0
54
170
156
127
167
182
226
206
183
182
183
136
169
161
354
285
76
105
127
75
24
0
110
232
27
55
17
0
8
109
108
72
8
8
31
163
42
29
130
163
196
187
210
156
144
150
172
172
147
117
130
153
130
163
200
127
151
113
124
119
137
126
61
9
12
27
49
6
38
26
19
1
1
22
14
2
5
89
65
58
16
27
24
60
18
36
108
92
81
99
47
46
70
70
80
60
35
3
51
0
75
84
94
1
50
59
56
45
60
69
