072723CTM003C10   27 Jul 2023
145
30
2100
0
0
0
0
0
0
0
0
0
0
0
0
0
0
0
0
0
0
0
0
0
0
0
0
0
0
0
0
0
0
0
0
0
0
0
79
298
219
191
201
156
207
176
157
145
223
227
167
246
100
52
10
12
19
39
41
8
79
2
0
98
117
44
11
47
18
113
56
77
102
80
12
1
116
175
181
174
155
155
188
154
135
186
157
173
143
96
166
158
138
126
141
149
155
187
154
117
253
137
14
38
98
4
64
58
90
69
89
17
93
3
47
85
6
5
3
20
6
23
11
36
123
135
76
159
161
146
191
131
149
141
188
180
158
25
16
16
26
14
13
14
29
67
62
33
