072723CTM003C19   27 Jul 2023
145
30
2100
8
28
0
0
0
30
11
0
0
1
18
53
48
0
0
8
0
0
12
0
28
0
0
0
19
100
181
221
152
53
127
14
68
104
63
92
38
144
37
89
15
96
48
33
29
97
20
64
65
36
0
0
0
0
0
0
0
0
55
12
9
19
11
22
31
6
42
0
0
0
13
10
43
133
181
114
57
138
34
49
85
46
70
75
70
60
62
42
17
49
80
76
74
26
13
97
109
30
38
81
0
0
1
30
3
0
2
28
18
41
92
0
61
22
46
5
0
0
60
30
11
168
201
227
120
168
119
111
81
62
80
37
5
116
88
46
81
39
91
118
119
169
108
171
137
