072723CTM003C20   27 Jul 2023
145
30
2100
4
59
1
0
0
0
0
3
35
0
0
0
4
81
0
0
0
0
7
0
7
0
30
23
0
117
75
145
184
93
44
24
55
17
31
69
88
57
101
67
57
63
75
112
227
58
67
171
203
74
21
1
0
0
0
0
0
0
19
28
108
16
24
5
4
0
9
41
46
26
24
0
21
148
144
150
78
57
105
52
51
42
17
70
70
34
51
63
81
39
52
98
143
149
158
193
193
133
18
0
36
13
105
21
23
39
31
2
21
55
7
19
36
44
5
12
3
0
6
4
10
141
198
168
150
125
87
54
58
73
129
95
58
92
48
68
86
125
108
92
71
187
176
187
152
